<?xml version="1.0"?>
<opencv_storage>
<H13 type_id="opencv-matrix">
  <rows>3</rows>
  <cols>3</cols>
  <dt>d</dt>
  <data>
	1.36817789e+00  2.40801413e-02 -2.30985158e+02
	-1.21153701e-02  1.36065608e+00 -1.97404868e+02
	7.34005862e-05  4.68938942e-05  1.00000000e+00 </data></H13>
</opencv_storage>